0,463
0,462
0,461
0,460
0,459
0,458
0,457
0,456
0,455
0,454
0,453
0,452
0,451
0,450
0,449
0,448
0,447
0,446
0,445
0,444
0,443
0,442
0,441
0,440
0,439
0,438
0,437
0,436
0,435
0,434
0,433
0,273
0,270
47,4
47,3
47,2
0,432
47,1
47,0
0,431
0,430
0,429
0,428
0,427
46,3
46,2
0,426
46,1
46,0
0,425
0,424
45,3
45,2
45,1
45,0
0,423
0,422
44,5
44,4
44,3
44,2
44,1
44,0
0,421
43,4
43,3
43,2
43,1
43,0
42,3
42,2
42,1
42,0
31,2
31,0
0,420
0,419
0,418
0,417
30,2
30,0
0,416
0,278
0,9
0,415
0,414
0,413
0,386
31,3
30,1
30,3
41,35
10,191
10,129
10,245
10,241
10,243
10,183
10,5
10,229
11,21
11,30
